2025-08-30 12:37:16.337842


----------TEAM 1----------
away : 
0 0 0 0 0 
0 0 0 0 0 
0 0 0 0 0 
home : 
0 0 0 1 1 
0 1 0 0 0 
1 0 1 0 0 
-----------------------------


----------TEAM 2----------
away : 
0 0 0 0 1 
0 0 0 0 0 
0 0 0 0 0 
home : 
1 0 0 0 0 
0 0 1 1 0 
0 1 0 0 0 
-----------------------------


----------TEAM 3----------
away : 
0 0 0 1 0 
0 0 0 0 0 
0 1 0 0 0 
home : 
0 0 1 0 0 
1 0 0 0 1 
0 0 0 0 0 
-----------------------------


----------TEAM 4----------
away : 
0 0 0 0 0 
1 0 0 1 0 
0 0 1 0 0 
home : 
0 1 0 0 0 
0 0 0 0 0 
0 0 0 0 1 
-----------------------------


----------TEAM 5----------
away : 
1 0 1 0 0 
0 1 0 0 0 
0 0 0 0 1 
home : 
0 0 0 0 0 
0 0 0 0 0 
0 0 0 1 0 
-----------------------------


----------TEAM 6----------
away : 
0 1 0 0 0 
0 0 1 0 1 
1 0 0 1 0 
home : 
0 0 0 0 0 
0 0 0 0 0 
0 0 0 0 0 
-----------------------------
